img_no 	 max_int_value 	 angle 	 angle axis 
1 	 127.764328 	 0.000000 	 Y
2 	 126.588417 	 0.006283 	 Y
3 	 126.572319 	 0.012566 	 Y
4 	 125.387383 	 0.018850 	 Y
5 	 125.130592 	 0.025133 	 Y
6 	 125.573456 	 0.031416 	 Y
7 	 126.167450 	 0.037699 	 Y
8 	 126.635231 	 0.043982 	 Y
9 	 127.492966 	 0.050265 	 Y
10 	 129.043030 	 0.056549 	 Y
11 	 130.509872 	 0.062832 	 Y
12 	 131.802963 	 0.069115 	 Y
13 	 132.707993 	 0.075398 	 Y
14 	 133.232376 	 0.081681 	 Y
15 	 133.262939 	 0.087965 	 Y
16 	 133.927002 	 0.094248 	 Y
17 	 134.801758 	 0.100531 	 Y
18 	 135.385254 	 0.106814 	 Y
19 	 135.510513 	 0.113097 	 Y
20 	 135.108780 	 0.119381 	 Y
21 	 134.266861 	 0.125664 	 Y
22 	 133.291092 	 0.131947 	 Y
23 	 132.010757 	 0.138230 	 Y
24 	 130.766113 	 0.144513 	 Y
25 	 129.811523 	 0.150796 	 Y
26 	 129.031204 	 0.157080 	 Y
27 	 130.984970 	 0.163363 	 Y
28 	 132.592148 	 0.169646 	 Y
29 	 134.182526 	 0.175929 	 Y
30 	 135.681198 	 0.182212 	 Y
31 	 137.170181 	 0.188496 	 Y
32 	 138.504456 	 0.194779 	 Y
33 	 139.857727 	 0.201062 	 Y
34 	 141.442535 	 0.207345 	 Y
35 	 143.002136 	 0.213628 	 Y
36 	 144.404709 	 0.219911 	 Y
37 	 145.680817 	 0.226195 	 Y
38 	 146.777496 	 0.232478 	 Y
39 	 147.451233 	 0.238761 	 Y
40 	 148.138702 	 0.245044 	 Y
41 	 148.772537 	 0.251327 	 Y
42 	 148.994934 	 0.257611 	 Y
43 	 148.763474 	 0.263894 	 Y
44 	 148.191025 	 0.270177 	 Y
45 	 147.383743 	 0.276460 	 Y
46 	 146.418594 	 0.282743 	 Y
47 	 145.223907 	 0.289027 	 Y
48 	 143.452698 	 0.295310 	 Y
49 	 141.958099 	 0.301593 	 Y
50 	 142.877991 	 0.307876 	 Y
51 	 144.171051 	 0.314159 	 Y
52 	 145.039581 	 0.320442 	 Y
53 	 145.452454 	 0.326726 	 Y
54 	 145.316574 	 0.333009 	 Y
55 	 144.809952 	 0.339292 	 Y
56 	 143.816559 	 0.345575 	 Y
57 	 142.459000 	 0.351858 	 Y
58 	 140.765869 	 0.358142 	 Y
59 	 139.485947 	 0.364425 	 Y
60 	 137.920135 	 0.370708 	 Y
61 	 136.409637 	 0.376991 	 Y
62 	 136.200974 	 0.383274 	 Y
63 	 137.264313 	 0.389557 	 Y
64 	 138.354446 	 0.395841 	 Y
65 	 138.911758 	 0.402124 	 Y
66 	 139.743301 	 0.408407 	 Y
67 	 140.510651 	 0.414690 	 Y
68 	 140.948898 	 0.420973 	 Y
69 	 141.184784 	 0.427257 	 Y
70 	 141.125854 	 0.433540 	 Y
71 	 140.877609 	 0.439823 	 Y
72 	 140.422745 	 0.446106 	 Y
73 	 140.110001 	 0.452389 	 Y
74 	 139.544647 	 0.458673 	 Y
75 	 139.784592 	 0.464956 	 Y
76 	 139.900665 	 0.471239 	 Y
77 	 139.724274 	 0.477522 	 Y
78 	 139.286591 	 0.483805 	 Y
79 	 138.728271 	 0.490088 	 Y
80 	 137.888458 	 0.496372 	 Y
81 	 136.640152 	 0.502655 	 Y
82 	 135.162140 	 0.508938 	 Y
83 	 133.888046 	 0.515221 	 Y
84 	 132.942093 	 0.521504 	 Y
85 	 132.077408 	 0.527788 	 Y
86 	 131.397552 	 0.534071 	 Y
87 	 130.512222 	 0.540354 	 Y
88 	 129.371780 	 0.546637 	 Y
89 	 127.883522 	 0.552920 	 Y
90 	 126.065987 	 0.559203 	 Y
91 	 125.391182 	 0.565487 	 Y
92 	 124.892456 	 0.571770 	 Y
93 	 124.839127 	 0.578053 	 Y
94 	 124.639793 	 0.584336 	 Y
95 	 123.701035 	 0.590619 	 Y
96 	 123.781364 	 0.596903 	 Y
97 	 123.397835 	 0.603186 	 Y
98 	 122.885406 	 0.609469 	 Y
99 	 122.862816 	 0.615752 	 Y
100 	 122.876923 	 0.622035 	 Y
101 	 122.858528 	 0.628319 	 Y
102 	 122.675102 	 0.634602 	 Y
103 	 122.292862 	 0.640885 	 Y
104 	 121.607323 	 0.647168 	 Y
105 	 121.308853 	 0.653451 	 Y
106 	 121.113907 	 0.659734 	 Y
107 	 121.634651 	 0.666018 	 Y
108 	 122.712105 	 0.672301 	 Y
109 	 123.751244 	 0.678584 	 Y
110 	 124.921021 	 0.684867 	 Y
111 	 125.886215 	 0.691150 	 Y
112 	 126.639526 	 0.697434 	 Y
113 	 126.953514 	 0.703717 	 Y
114 	 126.465416 	 0.710000 	 Y
115 	 127.162186 	 0.716283 	 Y
116 	 128.328476 	 0.722566 	 Y
117 	 129.011322 	 0.728849 	 Y
118 	 129.312637 	 0.735133 	 Y
119 	 129.272842 	 0.741416 	 Y
120 	 128.765869 	 0.747699 	 Y
121 	 126.837059 	 0.753982 	 Y
122 	 125.022659 	 0.760265 	 Y
123 	 123.872154 	 0.766549 	 Y
124 	 124.173447 	 0.772832 	 Y
125 	 124.016090 	 0.779115 	 Y
126 	 125.120178 	 0.785398 	 Y
127 	 126.416664 	 0.791681 	 Y
128 	 127.010719 	 0.797965 	 Y
129 	 128.504013 	 0.804248 	 Y
130 	 128.620453 	 0.810531 	 Y
131 	 128.562149 	 0.816814 	 Y
132 	 127.534500 	 0.823097 	 Y
133 	 126.497581 	 0.829380 	 Y
134 	 125.417007 	 0.835664 	 Y
135 	 124.447739 	 0.841947 	 Y
136 	 123.931786 	 0.848230 	 Y
137 	 123.592773 	 0.854513 	 Y
138 	 122.892609 	 0.860796 	 Y
139 	 121.822929 	 0.867080 	 Y
140 	 121.742783 	 0.873363 	 Y
141 	 121.330368 	 0.879646 	 Y
142 	 121.480759 	 0.885929 	 Y
143 	 122.268578 	 0.892212 	 Y
144 	 123.306084 	 0.898495 	 Y
145 	 125.288292 	 0.904779 	 Y
146 	 126.548370 	 0.911062 	 Y
147 	 127.986221 	 0.917345 	 Y
148 	 129.721436 	 0.923628 	 Y
149 	 130.729095 	 0.929911 	 Y
150 	 130.886459 	 0.936195 	 Y
151 	 130.423492 	 0.942478 	 Y
152 	 129.288193 	 0.948761 	 Y
153 	 127.505959 	 0.955044 	 Y
154 	 126.248680 	 0.961327 	 Y
155 	 125.272598 	 0.967611 	 Y
156 	 123.994682 	 0.973894 	 Y
157 	 122.110146 	 0.980177 	 Y
158 	 121.324760 	 0.986460 	 Y
159 	 121.145020 	 0.992743 	 Y
160 	 120.184067 	 0.999026 	 Y
161 	 118.517433 	 1.005310 	 Y
162 	 116.512276 	 1.011593 	 Y
163 	 116.849068 	 1.017876 	 Y
164 	 116.862633 	 1.024159 	 Y
165 	 116.539963 	 1.030442 	 Y
166 	 116.195694 	 1.036726 	 Y
167 	 116.543335 	 1.043009 	 Y
168 	 116.990196 	 1.049292 	 Y
169 	 117.256111 	 1.055575 	 Y
170 	 117.370697 	 1.061858 	 Y
171 	 117.353165 	 1.068142 	 Y
172 	 116.898056 	 1.074425 	 Y
173 	 116.115021 	 1.080708 	 Y
174 	 114.968910 	 1.086991 	 Y
175 	 114.131760 	 1.093274 	 Y
176 	 113.739670 	 1.099557 	 Y
177 	 112.900002 	 1.105841 	 Y
178 	 113.150208 	 1.112124 	 Y
179 	 114.121361 	 1.118407 	 Y
180 	 115.028183 	 1.124690 	 Y
181 	 115.902267 	 1.130973 	 Y
182 	 116.970627 	 1.137257 	 Y
183 	 117.924934 	 1.143540 	 Y
184 	 118.809677 	 1.149823 	 Y
185 	 119.315323 	 1.156106 	 Y
186 	 120.038475 	 1.162389 	 Y
187 	 120.591270 	 1.168672 	 Y
188 	 120.724922 	 1.174956 	 Y
189 	 120.422356 	 1.181239 	 Y
190 	 121.617027 	 1.187522 	 Y
191 	 122.647278 	 1.193805 	 Y
192 	 123.281311 	 1.200088 	 Y
193 	 123.703110 	 1.206372 	 Y
194 	 123.918129 	 1.212655 	 Y
195 	 123.779976 	 1.218938 	 Y
196 	 123.945084 	 1.225221 	 Y
197 	 124.235283 	 1.231504 	 Y
198 	 124.198761 	 1.237788 	 Y
199 	 123.940109 	 1.244071 	 Y
200 	 123.704803 	 1.250354 	 Y
201 	 123.955162 	 1.256637 	 Y
202 	 124.149162 	 1.262920 	 Y
203 	 124.368134 	 1.269203 	 Y
204 	 124.535347 	 1.275487 	 Y
205 	 124.574684 	 1.281770 	 Y
206 	 124.625755 	 1.288053 	 Y
207 	 124.533920 	 1.294336 	 Y
208 	 124.409958 	 1.300619 	 Y
209 	 124.231232 	 1.306903 	 Y
210 	 123.905708 	 1.313186 	 Y
211 	 123.409447 	 1.319469 	 Y
212 	 122.968262 	 1.325752 	 Y
213 	 122.400696 	 1.332035 	 Y
214 	 121.598610 	 1.338318 	 Y
215 	 120.500969 	 1.344602 	 Y
216 	 119.000313 	 1.350885 	 Y
217 	 117.352211 	 1.357168 	 Y
218 	 115.757607 	 1.363451 	 Y
219 	 115.301712 	 1.369734 	 Y
220 	 114.569168 	 1.376018 	 Y
221 	 114.258194 	 1.382301 	 Y
222 	 113.730499 	 1.388584 	 Y
223 	 112.942795 	 1.394867 	 Y
224 	 112.370804 	 1.401150 	 Y
225 	 111.676018 	 1.407434 	 Y
226 	 110.647285 	 1.413717 	 Y
227 	 110.312965 	 1.420000 	 Y
228 	 109.994606 	 1.426283 	 Y
229 	 109.838432 	 1.432566 	 Y
230 	 110.200508 	 1.438849 	 Y
231 	 110.706665 	 1.445133 	 Y
232 	 111.330002 	 1.451416 	 Y
233 	 111.960426 	 1.457699 	 Y
234 	 112.398903 	 1.463982 	 Y
235 	 112.672470 	 1.470265 	 Y
236 	 112.951103 	 1.476549 	 Y
237 	 112.970772 	 1.482832 	 Y
238 	 112.775528 	 1.489115 	 Y
239 	 112.572433 	 1.495398 	 Y
240 	 112.145973 	 1.501681 	 Y
241 	 111.458321 	 1.507964 	 Y
242 	 110.970116 	 1.514248 	 Y
243 	 110.271622 	 1.520531 	 Y
244 	 109.362907 	 1.526814 	 Y
245 	 108.975601 	 1.533097 	 Y
246 	 108.704414 	 1.539380 	 Y
247 	 108.213089 	 1.545664 	 Y
248 	 107.577431 	 1.551947 	 Y
249 	 106.919029 	 1.558230 	 Y
250 	 106.695503 	 1.564513 	 Y
251 	 106.943314 	 1.570796 	 Y
252 	 106.940956 	 1.577080 	 Y
253 	 106.998528 	 1.583363 	 Y
254 	 107.059708 	 1.589646 	 Y
255 	 107.042320 	 1.595929 	 Y
256 	 106.568863 	 1.602212 	 Y
257 	 106.898766 	 1.608495 	 Y
258 	 107.541130 	 1.614779 	 Y
259 	 108.245255 	 1.621062 	 Y
260 	 108.824677 	 1.627345 	 Y
261 	 109.387085 	 1.633628 	 Y
262 	 109.785095 	 1.639911 	 Y
263 	 110.227303 	 1.646195 	 Y
264 	 110.035347 	 1.652478 	 Y
265 	 109.617760 	 1.658761 	 Y
266 	 109.223831 	 1.665044 	 Y
267 	 108.709915 	 1.671327 	 Y
268 	 109.243683 	 1.677610 	 Y
269 	 110.181931 	 1.683894 	 Y
270 	 111.103004 	 1.690177 	 Y
271 	 112.157028 	 1.696460 	 Y
272 	 113.107918 	 1.702743 	 Y
273 	 114.055901 	 1.709026 	 Y
274 	 114.964195 	 1.715310 	 Y
275 	 116.246819 	 1.721593 	 Y
276 	 117.427910 	 1.727876 	 Y
277 	 118.497063 	 1.734159 	 Y
278 	 119.260529 	 1.740442 	 Y
279 	 119.882957 	 1.746726 	 Y
280 	 120.212868 	 1.753009 	 Y
281 	 120.392242 	 1.759292 	 Y
282 	 120.502243 	 1.765575 	 Y
283 	 120.359810 	 1.771858 	 Y
284 	 119.975327 	 1.778141 	 Y
285 	 119.214279 	 1.784425 	 Y
286 	 118.237053 	 1.790708 	 Y
287 	 117.061737 	 1.796991 	 Y
288 	 115.654823 	 1.803274 	 Y
289 	 114.017212 	 1.809557 	 Y
290 	 114.951942 	 1.815841 	 Y
291 	 115.594505 	 1.822124 	 Y
292 	 115.887589 	 1.828407 	 Y
293 	 115.811310 	 1.834690 	 Y
294 	 115.857933 	 1.840973 	 Y
295 	 116.434822 	 1.847256 	 Y
296 	 116.801941 	 1.853540 	 Y
297 	 116.962006 	 1.859823 	 Y
298 	 117.076706 	 1.866106 	 Y
299 	 117.201569 	 1.872389 	 Y
300 	 117.229095 	 1.878672 	 Y
301 	 117.201546 	 1.884956 	 Y
302 	 116.992203 	 1.891239 	 Y
303 	 116.466850 	 1.897522 	 Y
304 	 115.436966 	 1.903805 	 Y
305 	 115.410294 	 1.910088 	 Y
306 	 116.179672 	 1.916372 	 Y
307 	 116.754784 	 1.922655 	 Y
308 	 116.827065 	 1.928938 	 Y
309 	 116.485939 	 1.935221 	 Y
310 	 116.040764 	 1.941504 	 Y
311 	 115.200966 	 1.947787 	 Y
312 	 115.246803 	 1.954071 	 Y
313 	 115.662125 	 1.960354 	 Y
314 	 115.810585 	 1.966637 	 Y
315 	 115.346001 	 1.972920 	 Y
316 	 114.637848 	 1.979203 	 Y
317 	 114.328468 	 1.985487 	 Y
318 	 114.548981 	 1.991770 	 Y
319 	 115.849754 	 1.998053 	 Y
320 	 117.946823 	 2.004336 	 Y
321 	 119.924660 	 2.010619 	 Y
322 	 121.907982 	 2.016902 	 Y
323 	 124.408714 	 2.023186 	 Y
324 	 126.955475 	 2.029469 	 Y
325 	 128.935181 	 2.035752 	 Y
326 	 130.548523 	 2.042035 	 Y
327 	 131.349152 	 2.048318 	 Y
328 	 131.793503 	 2.054602 	 Y
329 	 132.538589 	 2.060885 	 Y
330 	 133.115372 	 2.067168 	 Y
331 	 133.211853 	 2.073451 	 Y
332 	 133.412628 	 2.079734 	 Y
333 	 133.073883 	 2.086018 	 Y
334 	 132.280594 	 2.092301 	 Y
335 	 131.123001 	 2.098584 	 Y
336 	 130.084717 	 2.104867 	 Y
337 	 128.364151 	 2.111150 	 Y
338 	 126.648399 	 2.117433 	 Y
339 	 127.446503 	 2.123717 	 Y
340 	 128.172897 	 2.130000 	 Y
341 	 128.510086 	 2.136283 	 Y
342 	 128.562286 	 2.142566 	 Y
343 	 128.118332 	 2.148849 	 Y
344 	 127.306976 	 2.155133 	 Y
345 	 126.635368 	 2.161416 	 Y
346 	 126.189514 	 2.167699 	 Y
347 	 127.590187 	 2.173982 	 Y
348 	 129.714737 	 2.180265 	 Y
349 	 130.795837 	 2.186548 	 Y
350 	 130.912109 	 2.192832 	 Y
351 	 131.507141 	 2.199115 	 Y
352 	 131.717239 	 2.205398 	 Y
353 	 132.641891 	 2.211681 	 Y
354 	 135.941849 	 2.217964 	 Y
355 	 138.427979 	 2.224248 	 Y
356 	 139.352844 	 2.230531 	 Y
357 	 138.127686 	 2.236814 	 Y
358 	 135.761963 	 2.243097 	 Y
359 	 136.622971 	 2.249380 	 Y
360 	 137.781326 	 2.255664 	 Y
361 	 138.551773 	 2.261947 	 Y
362 	 139.219894 	 2.268230 	 Y
363 	 139.605469 	 2.274513 	 Y
364 	 139.510620 	 2.280796 	 Y
365 	 139.254715 	 2.287079 	 Y
366 	 138.855392 	 2.293363 	 Y
367 	 138.531555 	 2.299646 	 Y
368 	 137.478500 	 2.305929 	 Y
369 	 136.799332 	 2.312212 	 Y
370 	 135.414520 	 2.318495 	 Y
371 	 133.832581 	 2.324779 	 Y
372 	 131.292862 	 2.331062 	 Y
373 	 128.197769 	 2.337345 	 Y
374 	 126.997772 	 2.343628 	 Y
375 	 126.489792 	 2.349911 	 Y
376 	 125.768112 	 2.356194 	 Y
377 	 124.427834 	 2.362478 	 Y
378 	 122.922356 	 2.368761 	 Y
379 	 121.409485 	 2.375044 	 Y
380 	 120.105202 	 2.381327 	 Y
381 	 119.381805 	 2.387610 	 Y
382 	 117.812164 	 2.393894 	 Y
383 	 117.099594 	 2.400177 	 Y
384 	 117.111313 	 2.406460 	 Y
385 	 118.361633 	 2.412743 	 Y
386 	 119.342415 	 2.419026 	 Y
387 	 119.708252 	 2.425310 	 Y
388 	 120.179283 	 2.431593 	 Y
389 	 120.545937 	 2.437876 	 Y
390 	 120.240913 	 2.444159 	 Y
391 	 119.605194 	 2.450442 	 Y
392 	 118.864403 	 2.456725 	 Y
393 	 117.896912 	 2.463009 	 Y
394 	 117.024094 	 2.469292 	 Y
395 	 116.195412 	 2.475575 	 Y
396 	 115.174553 	 2.481858 	 Y
397 	 114.403488 	 2.488141 	 Y
398 	 115.195938 	 2.494425 	 Y
399 	 115.921471 	 2.500708 	 Y
400 	 116.839256 	 2.506991 	 Y
401 	 117.346344 	 2.513274 	 Y
402 	 117.800255 	 2.519557 	 Y
403 	 118.271378 	 2.525840 	 Y
404 	 118.642982 	 2.532124 	 Y
405 	 118.917969 	 2.538407 	 Y
406 	 118.952957 	 2.544690 	 Y
407 	 118.801971 	 2.550973 	 Y
408 	 118.705582 	 2.557256 	 Y
409 	 118.459709 	 2.563540 	 Y
410 	 118.034737 	 2.569823 	 Y
411 	 117.695480 	 2.576106 	 Y
412 	 117.534256 	 2.582389 	 Y
413 	 117.073685 	 2.588672 	 Y
414 	 117.335358 	 2.594956 	 Y
415 	 117.507225 	 2.601239 	 Y
416 	 117.528091 	 2.607522 	 Y
417 	 117.918808 	 2.613805 	 Y
418 	 118.531029 	 2.620088 	 Y
419 	 118.832672 	 2.626371 	 Y
420 	 119.093300 	 2.632655 	 Y
421 	 118.946854 	 2.638938 	 Y
422 	 118.895683 	 2.645221 	 Y
423 	 118.849525 	 2.651504 	 Y
424 	 121.870377 	 2.657787 	 Y
425 	 124.416855 	 2.664071 	 Y
426 	 126.538391 	 2.670354 	 Y
427 	 128.003510 	 2.676637 	 Y
428 	 129.283829 	 2.682920 	 Y
429 	 130.072083 	 2.689203 	 Y
430 	 130.434250 	 2.695486 	 Y
431 	 130.323151 	 2.701770 	 Y
432 	 129.863937 	 2.708053 	 Y
433 	 128.950119 	 2.714336 	 Y
434 	 127.633675 	 2.720619 	 Y
435 	 126.015121 	 2.726902 	 Y
436 	 124.044739 	 2.733186 	 Y
437 	 121.870071 	 2.739469 	 Y
438 	 119.433105 	 2.745752 	 Y
439 	 116.845085 	 2.752035 	 Y
440 	 114.151276 	 2.758318 	 Y
441 	 114.359612 	 2.764602 	 Y
442 	 115.238464 	 2.770885 	 Y
443 	 116.021957 	 2.777168 	 Y
444 	 116.672775 	 2.783451 	 Y
445 	 117.133331 	 2.789734 	 Y
446 	 117.647995 	 2.796017 	 Y
447 	 119.466011 	 2.802301 	 Y
448 	 121.360878 	 2.808584 	 Y
449 	 123.058807 	 2.814867 	 Y
450 	 124.802841 	 2.821150 	 Y
451 	 126.687950 	 2.827433 	 Y
452 	 128.717880 	 2.833717 	 Y
453 	 130.671036 	 2.840000 	 Y
454 	 132.470474 	 2.846283 	 Y
455 	 134.132095 	 2.852566 	 Y
456 	 135.411880 	 2.858849 	 Y
457 	 136.812973 	 2.865133 	 Y
458 	 137.958344 	 2.871416 	 Y
459 	 138.900070 	 2.877699 	 Y
460 	 139.621536 	 2.883982 	 Y
461 	 140.045654 	 2.890265 	 Y
462 	 140.180374 	 2.896548 	 Y
463 	 139.848785 	 2.902832 	 Y
464 	 139.076584 	 2.909115 	 Y
465 	 137.794586 	 2.915398 	 Y
466 	 135.685730 	 2.921681 	 Y
467 	 133.880066 	 2.927964 	 Y
468 	 132.465500 	 2.934248 	 Y
469 	 131.502411 	 2.940531 	 Y
470 	 130.035110 	 2.946814 	 Y
471 	 128.456253 	 2.953097 	 Y
472 	 126.702202 	 2.959380 	 Y
473 	 124.752052 	 2.965663 	 Y
474 	 122.270866 	 2.971947 	 Y
475 	 122.823837 	 2.978230 	 Y
476 	 123.055328 	 2.984513 	 Y
477 	 123.373703 	 2.990796 	 Y
478 	 123.298141 	 2.997079 	 Y
479 	 124.553253 	 3.003363 	 Y
480 	 126.750252 	 3.009646 	 Y
481 	 128.752243 	 3.015929 	 Y
482 	 130.490555 	 3.022212 	 Y
483 	 131.948486 	 3.028495 	 Y
484 	 133.232361 	 3.034779 	 Y
485 	 134.094177 	 3.041062 	 Y
486 	 134.458466 	 3.047345 	 Y
487 	 134.234589 	 3.053628 	 Y
488 	 133.185059 	 3.059911 	 Y
489 	 131.585129 	 3.066194 	 Y
490 	 129.854095 	 3.072478 	 Y
491 	 129.641907 	 3.078761 	 Y
492 	 130.169388 	 3.085044 	 Y
493 	 130.794464 	 3.091327 	 Y
494 	 131.253967 	 3.097610 	 Y
495 	 131.282928 	 3.103894 	 Y
496 	 130.720932 	 3.110177 	 Y
497 	 130.046524 	 3.116460 	 Y
498 	 129.417725 	 3.122743 	 Y
499 	 128.924576 	 3.129026 	 Y
500 	 127.918655 	 3.135309 	 Y
501 	 127.764328 	 3.141593 	 Y
502 	 126.588417 	 3.147876 	 Y
503 	 126.572319 	 3.154159 	 Y
504 	 125.387383 	 3.160442 	 Y
505 	 125.130592 	 3.166725 	 Y
506 	 125.573456 	 3.173009 	 Y
507 	 126.167450 	 3.179292 	 Y
508 	 126.635231 	 3.185575 	 Y
509 	 127.492966 	 3.191858 	 Y
510 	 129.043030 	 3.198141 	 Y
511 	 130.509872 	 3.204425 	 Y
512 	 131.802963 	 3.210708 	 Y
513 	 132.707993 	 3.216991 	 Y
514 	 133.232376 	 3.223274 	 Y
515 	 133.262939 	 3.229557 	 Y
516 	 133.927002 	 3.235840 	 Y
517 	 134.801758 	 3.242124 	 Y
518 	 135.385254 	 3.248407 	 Y
519 	 135.510513 	 3.254690 	 Y
520 	 135.108780 	 3.260973 	 Y
521 	 134.266861 	 3.267256 	 Y
522 	 133.291092 	 3.273540 	 Y
523 	 132.010757 	 3.279823 	 Y
524 	 130.766113 	 3.286106 	 Y
525 	 129.812637 	 3.292389 	 Y
526 	 129.031204 	 3.298672 	 Y
527 	 130.984970 	 3.304955 	 Y
528 	 132.592148 	 3.311239 	 Y
529 	 134.182526 	 3.317522 	 Y
530 	 135.681198 	 3.323805 	 Y
531 	 137.168518 	 3.330088 	 Y
532 	 138.504456 	 3.336371 	 Y
533 	 139.857727 	 3.342655 	 Y
534 	 141.442535 	 3.348938 	 Y
535 	 143.002182 	 3.355221 	 Y
536 	 144.404709 	 3.361504 	 Y
537 	 145.680817 	 3.367787 	 Y
538 	 146.777496 	 3.374071 	 Y
539 	 147.451233 	 3.380354 	 Y
540 	 148.138702 	 3.386637 	 Y
541 	 148.772537 	 3.392920 	 Y
542 	 148.994934 	 3.399203 	 Y
543 	 148.763535 	 3.405486 	 Y
544 	 148.191025 	 3.411770 	 Y
545 	 147.383743 	 3.418053 	 Y
546 	 146.418594 	 3.424336 	 Y
547 	 145.223907 	 3.430619 	 Y
548 	 143.452698 	 3.436902 	 Y
549 	 141.958099 	 3.443186 	 Y
550 	 142.877991 	 3.449469 	 Y
551 	 144.171051 	 3.455752 	 Y
552 	 145.039581 	 3.462035 	 Y
553 	 145.452454 	 3.468318 	 Y
554 	 145.316574 	 3.474601 	 Y
555 	 144.809952 	 3.480885 	 Y
556 	 143.816559 	 3.487168 	 Y
557 	 142.459000 	 3.493451 	 Y
558 	 140.765869 	 3.499734 	 Y
559 	 139.485947 	 3.506017 	 Y
560 	 137.920135 	 3.512301 	 Y
561 	 136.409637 	 3.518584 	 Y
562 	 136.200974 	 3.524867 	 Y
563 	 137.264313 	 3.531150 	 Y
564 	 138.354446 	 3.537433 	 Y
565 	 138.911758 	 3.543717 	 Y
566 	 139.743301 	 3.550000 	 Y
567 	 140.510651 	 3.556283 	 Y
568 	 140.948898 	 3.562566 	 Y
569 	 141.184784 	 3.568849 	 Y
570 	 141.125854 	 3.575132 	 Y
571 	 140.877609 	 3.581416 	 Y
572 	 140.422745 	 3.587699 	 Y
573 	 140.110001 	 3.593982 	 Y
574 	 139.544647 	 3.600265 	 Y
575 	 139.784592 	 3.606548 	 Y
576 	 139.900665 	 3.612832 	 Y
577 	 139.724274 	 3.619115 	 Y
578 	 139.286591 	 3.625398 	 Y
579 	 138.729080 	 3.631681 	 Y
580 	 137.888458 	 3.637964 	 Y
581 	 136.640152 	 3.644247 	 Y
582 	 135.162140 	 3.650531 	 Y
583 	 133.888046 	 3.656814 	 Y
584 	 132.940460 	 3.663097 	 Y
585 	 132.077408 	 3.669380 	 Y
586 	 131.397552 	 3.675663 	 Y
587 	 130.512222 	 3.681947 	 Y
588 	 129.371780 	 3.688230 	 Y
589 	 127.883522 	 3.694513 	 Y
590 	 126.065987 	 3.700796 	 Y
591 	 125.391182 	 3.707079 	 Y
592 	 124.892456 	 3.713363 	 Y
593 	 124.839653 	 3.719646 	 Y
594 	 124.638870 	 3.725929 	 Y
595 	 123.701035 	 3.732212 	 Y
596 	 123.781364 	 3.738495 	 Y
597 	 123.399673 	 3.744778 	 Y
598 	 122.885406 	 3.751062 	 Y
599 	 122.862816 	 3.757345 	 Y
600 	 122.876923 	 3.763628 	 Y
601 	 122.858528 	 3.769911 	 Y
602 	 122.675102 	 3.776194 	 Y
603 	 122.292862 	 3.782478 	 Y
604 	 121.607323 	 3.788761 	 Y
605 	 121.308853 	 3.795044 	 Y
606 	 121.113907 	 3.801327 	 Y
607 	 121.634651 	 3.807610 	 Y
608 	 122.712105 	 3.813893 	 Y
609 	 123.751244 	 3.820177 	 Y
610 	 124.921021 	 3.826460 	 Y
611 	 125.886215 	 3.832743 	 Y
612 	 126.639526 	 3.839026 	 Y
613 	 126.953514 	 3.845309 	 Y
614 	 126.466515 	 3.851593 	 Y
615 	 127.162186 	 3.857876 	 Y
616 	 128.328476 	 3.864159 	 Y
617 	 129.011322 	 3.870442 	 Y
618 	 129.312637 	 3.876725 	 Y
619 	 129.272842 	 3.883009 	 Y
620 	 128.765869 	 3.889292 	 Y
621 	 126.837059 	 3.895575 	 Y
622 	 125.022659 	 3.901858 	 Y
623 	 123.872154 	 3.908141 	 Y
624 	 124.173447 	 3.914424 	 Y
625 	 124.017159 	 3.920708 	 Y
626 	 125.120178 	 3.926991 	 Y
627 	 126.418297 	 3.933274 	 Y
628 	 127.010719 	 3.939557 	 Y
629 	 128.504013 	 3.945840 	 Y
630 	 128.620453 	 3.952124 	 Y
631 	 128.562149 	 3.958407 	 Y
632 	 127.534500 	 3.964690 	 Y
633 	 126.497581 	 3.970973 	 Y
634 	 125.417007 	 3.977256 	 Y
635 	 124.447739 	 3.983539 	 Y
636 	 123.931770 	 3.989823 	 Y
637 	 123.592773 	 3.996106 	 Y
638 	 122.892609 	 4.002389 	 Y
639 	 121.822929 	 4.008672 	 Y
640 	 121.742783 	 4.014955 	 Y
641 	 121.330368 	 4.021239 	 Y
642 	 121.480759 	 4.027522 	 Y
643 	 122.268578 	 4.033805 	 Y
644 	 123.306084 	 4.040088 	 Y
645 	 125.288292 	 4.046371 	 Y
646 	 126.548370 	 4.052655 	 Y
647 	 127.989189 	 4.058938 	 Y
648 	 129.721436 	 4.065221 	 Y
649 	 130.729095 	 4.071504 	 Y
650 	 130.889557 	 4.077787 	 Y
651 	 130.423492 	 4.084070 	 Y
652 	 129.288193 	 4.090354 	 Y
653 	 127.505959 	 4.096637 	 Y
654 	 126.248680 	 4.102920 	 Y
655 	 125.272598 	 4.109203 	 Y
656 	 123.994682 	 4.115486 	 Y
657 	 122.110146 	 4.121770 	 Y
658 	 121.324760 	 4.128053 	 Y
659 	 121.145020 	 4.134336 	 Y
660 	 120.184067 	 4.140619 	 Y
661 	 118.517433 	 4.146902 	 Y
662 	 116.512276 	 4.153185 	 Y
663 	 116.849068 	 4.159469 	 Y
664 	 116.862633 	 4.165752 	 Y
665 	 116.539963 	 4.172035 	 Y
666 	 116.195694 	 4.178318 	 Y
667 	 116.543335 	 4.184601 	 Y
668 	 116.989761 	 4.190885 	 Y
669 	 117.256111 	 4.197168 	 Y
670 	 117.370697 	 4.203451 	 Y
671 	 117.353165 	 4.209734 	 Y
672 	 116.898056 	 4.216017 	 Y
673 	 116.115021 	 4.222301 	 Y
674 	 114.968910 	 4.228584 	 Y
675 	 114.131760 	 4.234867 	 Y
676 	 113.739670 	 4.241150 	 Y
677 	 112.900002 	 4.247433 	 Y
678 	 113.150208 	 4.253716 	 Y
679 	 114.121361 	 4.260000 	 Y
680 	 115.028183 	 4.266283 	 Y
681 	 115.902267 	 4.272566 	 Y
682 	 116.970627 	 4.278849 	 Y
683 	 117.924934 	 4.285132 	 Y
684 	 118.809677 	 4.291416 	 Y
685 	 119.315323 	 4.297699 	 Y
686 	 120.038475 	 4.303982 	 Y
687 	 120.591270 	 4.310265 	 Y
688 	 120.724922 	 4.316548 	 Y
689 	 120.422356 	 4.322831 	 Y
690 	 121.615463 	 4.329115 	 Y
691 	 122.647278 	 4.335398 	 Y
692 	 123.281311 	 4.341681 	 Y
693 	 123.703110 	 4.347964 	 Y
694 	 123.918129 	 4.354247 	 Y
695 	 123.779373 	 4.360531 	 Y
696 	 123.945084 	 4.366814 	 Y
697 	 124.235283 	 4.373097 	 Y
698 	 124.198761 	 4.379380 	 Y
699 	 123.940109 	 4.385663 	 Y
700 	 123.704803 	 4.391947 	 Y
701 	 123.955162 	 4.398230 	 Y
702 	 124.149162 	 4.404513 	 Y
703 	 124.368134 	 4.410796 	 Y
704 	 124.535347 	 4.417079 	 Y
705 	 124.574684 	 4.423362 	 Y
706 	 124.625755 	 4.429646 	 Y
707 	 124.533920 	 4.435929 	 Y
708 	 124.409958 	 4.442212 	 Y
709 	 124.231232 	 4.448495 	 Y
710 	 123.905708 	 4.454778 	 Y
711 	 123.409447 	 4.461062 	 Y
712 	 122.968262 	 4.467345 	 Y
713 	 122.400696 	 4.473628 	 Y
714 	 121.598610 	 4.479911 	 Y
715 	 120.502235 	 4.486194 	 Y
716 	 119.000313 	 4.492477 	 Y
717 	 117.352562 	 4.498761 	 Y
718 	 115.757607 	 4.505044 	 Y
719 	 115.301712 	 4.511327 	 Y
720 	 114.569168 	 4.517610 	 Y
721 	 114.258194 	 4.523893 	 Y
722 	 113.730499 	 4.530177 	 Y
723 	 112.942795 	 4.536460 	 Y
724 	 112.370148 	 4.542743 	 Y
725 	 111.676018 	 4.549026 	 Y
726 	 110.647285 	 4.555309 	 Y
727 	 110.312965 	 4.561593 	 Y
728 	 109.995071 	 4.567876 	 Y
729 	 109.838432 	 4.574159 	 Y
730 	 110.200508 	 4.580442 	 Y
731 	 110.706665 	 4.586725 	 Y
732 	 111.330002 	 4.593008 	 Y
733 	 111.960426 	 4.599292 	 Y
734 	 112.398903 	 4.605575 	 Y
735 	 112.672470 	 4.611858 	 Y
736 	 112.951103 	 4.618141 	 Y
737 	 112.970772 	 4.624424 	 Y
738 	 112.775154 	 4.630708 	 Y
739 	 112.573715 	 4.636991 	 Y
740 	 112.145973 	 4.643274 	 Y
741 	 111.458321 	 4.649557 	 Y
742 	 110.970116 	 4.655840 	 Y
743 	 110.271622 	 4.662123 	 Y
744 	 109.362907 	 4.668407 	 Y
745 	 108.975601 	 4.674690 	 Y
746 	 108.704414 	 4.680973 	 Y
747 	 108.212692 	 4.687256 	 Y
748 	 107.577431 	 4.693539 	 Y
749 	 106.919029 	 4.699823 	 Y
750 	 106.693909 	 4.706106 	 Y
751 	 106.943314 	 4.712389 	 Y
752 	 106.940956 	 4.718672 	 Y
753 	 106.998528 	 4.724955 	 Y
754 	 107.059799 	 4.731239 	 Y
755 	 107.042320 	 4.737522 	 Y
756 	 106.568863 	 4.743805 	 Y
757 	 106.898766 	 4.750088 	 Y
758 	 107.541130 	 4.756371 	 Y
759 	 108.245255 	 4.762654 	 Y
760 	 108.824677 	 4.768938 	 Y
761 	 109.387085 	 4.775221 	 Y
762 	 109.785332 	 4.781504 	 Y
763 	 110.227303 	 4.787787 	 Y
764 	 110.037292 	 4.794070 	 Y
765 	 109.617760 	 4.800354 	 Y
766 	 109.223831 	 4.806637 	 Y
767 	 108.709915 	 4.812920 	 Y
768 	 109.243683 	 4.819203 	 Y
769 	 110.181931 	 4.825486 	 Y
770 	 111.103004 	 4.831770 	 Y
771 	 112.157028 	 4.838053 	 Y
772 	 113.107918 	 4.844336 	 Y
773 	 114.055901 	 4.850619 	 Y
774 	 114.964195 	 4.856902 	 Y
775 	 116.246819 	 4.863185 	 Y
776 	 117.428391 	 4.869469 	 Y
777 	 118.497063 	 4.875752 	 Y
778 	 119.260529 	 4.882035 	 Y
779 	 119.882957 	 4.888318 	 Y
780 	 120.212868 	 4.894601 	 Y
781 	 120.392242 	 4.900885 	 Y
782 	 120.502243 	 4.907168 	 Y
783 	 120.359810 	 4.913451 	 Y
784 	 119.975327 	 4.919734 	 Y
785 	 119.214279 	 4.926017 	 Y
786 	 118.237053 	 4.932300 	 Y
787 	 117.061737 	 4.938584 	 Y
788 	 115.654823 	 4.944867 	 Y
789 	 114.017212 	 4.951150 	 Y
790 	 114.951942 	 4.957433 	 Y
791 	 115.594505 	 4.963716 	 Y
792 	 115.887589 	 4.970000 	 Y
793 	 115.811310 	 4.976283 	 Y
794 	 115.857933 	 4.982566 	 Y
795 	 116.434822 	 4.988849 	 Y
796 	 116.801941 	 4.995132 	 Y
797 	 116.962006 	 5.001416 	 Y
798 	 117.076706 	 5.007699 	 Y
799 	 117.201569 	 5.013982 	 Y
800 	 117.229095 	 5.020265 	 Y
801 	 117.200272 	 5.026548 	 Y
802 	 116.992203 	 5.032831 	 Y
803 	 116.466850 	 5.039115 	 Y
804 	 115.436966 	 5.045398 	 Y
805 	 115.409927 	 5.051681 	 Y
806 	 116.179672 	 5.057964 	 Y
807 	 116.754784 	 5.064247 	 Y
808 	 116.827065 	 5.070531 	 Y
809 	 116.485939 	 5.076814 	 Y
810 	 116.040764 	 5.083097 	 Y
811 	 115.200966 	 5.089380 	 Y
812 	 115.245430 	 5.095663 	 Y
813 	 115.662125 	 5.101946 	 Y
814 	 115.810585 	 5.108230 	 Y
815 	 115.346001 	 5.114513 	 Y
816 	 114.637848 	 5.120796 	 Y
817 	 114.328468 	 5.127079 	 Y
818 	 114.548981 	 5.133362 	 Y
819 	 115.849754 	 5.139646 	 Y
820 	 117.946823 	 5.145929 	 Y
821 	 119.924660 	 5.152212 	 Y
822 	 121.907982 	 5.158495 	 Y
823 	 124.408714 	 5.164778 	 Y
824 	 126.955475 	 5.171062 	 Y
825 	 128.935181 	 5.177345 	 Y
826 	 130.548523 	 5.183628 	 Y
827 	 131.349152 	 5.189911 	 Y
828 	 131.793503 	 5.196194 	 Y
829 	 132.538589 	 5.202477 	 Y
830 	 133.115372 	 5.208761 	 Y
831 	 133.211853 	 5.215044 	 Y
832 	 133.412628 	 5.221327 	 Y
833 	 133.073883 	 5.227610 	 Y
834 	 132.280380 	 5.233893 	 Y
835 	 131.123001 	 5.240177 	 Y
836 	 130.084717 	 5.246460 	 Y
837 	 128.364151 	 5.252743 	 Y
838 	 126.648399 	 5.259026 	 Y
839 	 127.445549 	 5.265309 	 Y
840 	 128.172897 	 5.271592 	 Y
841 	 128.510086 	 5.277876 	 Y
842 	 128.562286 	 5.284159 	 Y
843 	 128.118332 	 5.290442 	 Y
844 	 127.306976 	 5.296725 	 Y
845 	 126.635368 	 5.303008 	 Y
846 	 126.189514 	 5.309292 	 Y
847 	 127.590187 	 5.315575 	 Y
848 	 129.714737 	 5.321858 	 Y
849 	 130.795837 	 5.328141 	 Y
850 	 130.912735 	 5.334424 	 Y
851 	 131.507141 	 5.340708 	 Y
852 	 131.717239 	 5.346991 	 Y
853 	 132.641891 	 5.353274 	 Y
854 	 135.941849 	 5.359557 	 Y
855 	 138.427979 	 5.365840 	 Y
856 	 139.352844 	 5.372123 	 Y
857 	 138.127686 	 5.378407 	 Y
858 	 135.761963 	 5.384690 	 Y
859 	 136.622971 	 5.390973 	 Y
860 	 137.781326 	 5.397256 	 Y
861 	 138.551773 	 5.403539 	 Y
862 	 139.220261 	 5.409823 	 Y
863 	 139.605469 	 5.416106 	 Y
864 	 139.510620 	 5.422389 	 Y
865 	 139.254715 	 5.428672 	 Y
866 	 138.855392 	 5.434955 	 Y
867 	 138.531555 	 5.441238 	 Y
868 	 137.478500 	 5.447522 	 Y
869 	 136.799332 	 5.453805 	 Y
870 	 135.413589 	 5.460088 	 Y
871 	 133.832581 	 5.466371 	 Y
872 	 131.292862 	 5.472654 	 Y
873 	 128.197769 	 5.478938 	 Y
874 	 126.997772 	 5.485221 	 Y
875 	 126.489792 	 5.491504 	 Y
876 	 125.768112 	 5.497787 	 Y
877 	 124.427834 	 5.504070 	 Y
878 	 122.922356 	 5.510354 	 Y
879 	 121.409485 	 5.516637 	 Y
880 	 120.105202 	 5.522920 	 Y
881 	 119.381805 	 5.529203 	 Y
882 	 117.812164 	 5.535486 	 Y
883 	 117.099594 	 5.541769 	 Y
884 	 117.111313 	 5.548053 	 Y
885 	 118.361633 	 5.554336 	 Y
886 	 119.342415 	 5.560619 	 Y
887 	 119.708252 	 5.566902 	 Y
888 	 120.179283 	 5.573185 	 Y
889 	 120.545937 	 5.579469 	 Y
890 	 120.240913 	 5.585752 	 Y
891 	 119.605194 	 5.592035 	 Y
892 	 118.864403 	 5.598318 	 Y
893 	 117.896866 	 5.604601 	 Y
894 	 117.024094 	 5.610884 	 Y
895 	 116.195412 	 5.617168 	 Y
896 	 115.174553 	 5.623451 	 Y
897 	 114.403488 	 5.629734 	 Y
898 	 115.195938 	 5.636017 	 Y
899 	 115.921471 	 5.642300 	 Y
900 	 116.839256 	 5.648584 	 Y
901 	 117.346344 	 5.654867 	 Y
902 	 117.800255 	 5.661150 	 Y
903 	 118.271378 	 5.667433 	 Y
904 	 118.642982 	 5.673716 	 Y
905 	 118.917969 	 5.680000 	 Y
906 	 118.952957 	 5.686283 	 Y
907 	 118.801971 	 5.692566 	 Y
908 	 118.705582 	 5.698849 	 Y
909 	 118.459709 	 5.705132 	 Y
910 	 118.034737 	 5.711415 	 Y
911 	 117.695480 	 5.717699 	 Y
912 	 117.534256 	 5.723982 	 Y
913 	 117.074188 	 5.730265 	 Y
914 	 117.335358 	 5.736548 	 Y
915 	 117.507225 	 5.742831 	 Y
916 	 117.528091 	 5.749115 	 Y
917 	 117.918808 	 5.755398 	 Y
918 	 118.531029 	 5.761681 	 Y
919 	 118.832672 	 5.767964 	 Y
920 	 119.093300 	 5.774247 	 Y
921 	 118.946854 	 5.780530 	 Y
922 	 118.895683 	 5.786814 	 Y
923 	 118.849525 	 5.793097 	 Y
924 	 121.870377 	 5.799380 	 Y
925 	 124.416855 	 5.805663 	 Y
926 	 126.538391 	 5.811946 	 Y
927 	 128.003510 	 5.818230 	 Y
928 	 129.283829 	 5.824513 	 Y
929 	 130.072083 	 5.830796 	 Y
930 	 130.434250 	 5.837079 	 Y
931 	 130.323151 	 5.843362 	 Y
932 	 129.863937 	 5.849646 	 Y
933 	 128.950119 	 5.855929 	 Y
934 	 127.633675 	 5.862212 	 Y
935 	 126.015121 	 5.868495 	 Y
936 	 124.044739 	 5.874778 	 Y
937 	 121.870071 	 5.881061 	 Y
938 	 119.433105 	 5.887345 	 Y
939 	 116.845085 	 5.893628 	 Y
940 	 114.152710 	 5.899911 	 Y
941 	 114.359612 	 5.906194 	 Y
942 	 115.238464 	 5.912477 	 Y
943 	 116.021957 	 5.918761 	 Y
944 	 116.672775 	 5.925044 	 Y
945 	 117.133331 	 5.931327 	 Y
946 	 117.647995 	 5.937610 	 Y
947 	 119.466011 	 5.943893 	 Y
948 	 121.360878 	 5.950176 	 Y
949 	 123.058807 	 5.956460 	 Y
950 	 124.802841 	 5.962743 	 Y
951 	 126.687950 	 5.969026 	 Y
952 	 128.719116 	 5.975309 	 Y
953 	 130.671036 	 5.981592 	 Y
954 	 132.470474 	 5.987876 	 Y
955 	 134.132874 	 5.994159 	 Y
956 	 135.411880 	 6.000442 	 Y
957 	 136.812973 	 6.006725 	 Y
958 	 137.959091 	 6.013008 	 Y
959 	 138.899567 	 6.019292 	 Y
960 	 139.621536 	 6.025575 	 Y
961 	 140.045822 	 6.031858 	 Y
962 	 140.180374 	 6.038141 	 Y
963 	 139.848785 	 6.044424 	 Y
964 	 139.076584 	 6.050707 	 Y
965 	 137.794586 	 6.056991 	 Y
966 	 135.685730 	 6.063274 	 Y
967 	 133.880066 	 6.069557 	 Y
968 	 132.465500 	 6.075840 	 Y
969 	 131.502411 	 6.082123 	 Y
970 	 130.035110 	 6.088407 	 Y
971 	 128.456253 	 6.094690 	 Y
972 	 126.702202 	 6.100973 	 Y
973 	 124.752052 	 6.107256 	 Y
974 	 122.270866 	 6.113539 	 Y
975 	 122.823433 	 6.119822 	 Y
976 	 123.055328 	 6.126106 	 Y
977 	 123.373703 	 6.132389 	 Y
978 	 123.298141 	 6.138672 	 Y
979 	 124.553253 	 6.144955 	 Y
980 	 126.750252 	 6.151238 	 Y
981 	 128.752243 	 6.157522 	 Y
982 	 130.490555 	 6.163805 	 Y
983 	 131.948227 	 6.170088 	 Y
984 	 133.232361 	 6.176371 	 Y
985 	 134.094177 	 6.182654 	 Y
986 	 134.458466 	 6.188938 	 Y
987 	 134.234589 	 6.195221 	 Y
988 	 133.185349 	 6.201504 	 Y
989 	 131.585129 	 6.207787 	 Y
990 	 129.853912 	 6.214070 	 Y
991 	 129.641907 	 6.220353 	 Y
992 	 130.169388 	 6.226637 	 Y
993 	 130.794464 	 6.232920 	 Y
994 	 131.253967 	 6.239203 	 Y
995 	 131.282928 	 6.245486 	 Y
996 	 130.720932 	 6.251769 	 Y
997 	 130.043839 	 6.258053 	 Y
998 	 129.417725 	 6.264336 	 Y
999 	 128.924576 	 6.270619 	 Y
1000 	 127.918655 	 6.276902 	 Y
